115 0000
105 0001
101 001
110 0100
104 0101
112 011000
78 0110010000
113 0110010001
74 0110010010
58 0110010011
45 01100101
70 0110011000
82 0110011001
79 0110011010
49 011001101100
93 01100110110100
41 011001101101010
95 0110011011010110
38 01100110110101110000
47 01100110110101110001
123 01100110110101110010
125 01100110110101110011
43 011001101101011101
124 01100110110101111
53 01100110110110
48 01100110110111
68 01100110111
84 01100111
103 011010
72 011011000
80 0110110010
63 0110110011
59 011011010
77 011011011
118 0110111
111 0111
108 10000
44 100010
119 100011
97 1001
100 10100
102 101010
66 1010110000
87 1010110001
65 101011001
106 1010110100
69 1010110101
33 1010110110
56 1010110111000
50 10101101110010
57 101011011100110
54 101011011100111
51 10101101110100
55 101011011101010
81 101011011101011
75 10101101110110
90 1010110111011100
40 1010110111011101
52 101011011101111
122 10101101111
107 10101110
34 10101111
116 1011
32 110
109 111000
99 111001
46 1110100
120 1110101000
83 1110101001
67 1110101010
39 1110101011
76 11101011000
86 11101011001
71 11101011010
89 111010110110
85 1110101101110
88 11101011011110
42 111010110111110
91 111010110111111
73 111010111
117 111011
10 111100
98 1111010
121 1111011
114 11111
