10 67311
32 521235
33 3515
34 14136
38 1
39 3915
40 80
41 80
42 159
43 5
44 48333
45 10159
46 30546
47 1
48 183
49 649
50 214
51 221
52 144
53 173
54 117
55 123
56 391
57 99
58 2463
59 5857
63 2953
65 6203
66 3037
67 3913
68 1459
69 3413
70 2466
71 2229
72 5709
73 9252
74 2422
75 267
76 2054
77 5981
78 2329
79 2635
80 2804
81 124
82 2519
83 3746
84 11346
85 576
86 2097
87 3048
88 314
89 1092
90 52
91 161
93 161
95 40
97 198669
98 33970
99 62139
100 106226
101 325080
102 53021
103 45624
104 169417
105 164015
106 3303
107 13943
108 96401
109 55496
110 165614
111 179352
112 39519
113 2385
114 143522
115 156566
116 221039
117 66744
118 23886
119 52901
120 3667
121 37529
122 1834
123 1
124 36
125 1
